 ** Writing ChfRayPosHist: nElt =          18
           1  0.000000000000000E+000  0.000000000000000E+000
  -1200.00000000000       0.000000000000000E+000  0.000000000000000E+000
  -1200.00000000000     
           2  0.000000000000000E+000  0.000000000000000E+000
  -500.000000000000       0.000000000000000E+000  0.000000000000000E+000
  -500.000000000000     
           3  0.000000000000000E+000  0.000000000000000E+000
  0.000000000000000E+000  0.000000000000000E+000  0.000000000000000E+000
 -1.705302565824240E-013
          10  0.000000000000000E+000  0.000000000000000E+000
  -500.000000000000       0.000000000000000E+000  0.000000000000000E+000
  -500.000000000000     
          11  0.000000000000000E+000  0.000000000000000E+000
  -980.747376903000       0.000000000000000E+000  0.000000000000000E+000
  -980.747376903000     
          12  0.000000000000000E+000  0.000000000000000E+000
  -447.934335345000       0.000000000000000E+000  0.000000000000000E+000
  -447.934335345000     
          13  0.000000000000000E+000  0.000000000000000E+000
  -242.934335345000       0.000000000000000E+000  0.000000000000000E+000
  -242.934335345000     
          14  0.000000000000000E+000  0.000000000000000E+000
  -447.934335345000       0.000000000000000E+000  0.000000000000000E+000
  -447.934335345000     
          15  0.000000000000000E+000  -298.241564980000     
   371.477629980000       0.000000000000000E+000  -298.241564980056     
   371.477629979979     
          16   87.9400000000000       -298.241564980000     
   371.477629980000        87.9400000000000       -298.241564980090     
   371.477629979985     
          17  -859.429601847374       -298.241564979729     
   371.477629979920       -859.429601847373       -298.241564979729     
   371.477629979919     
