BaF13  1.57068590E+00  1.51295152E-01  1.07638026E+00  9.39377487E-03  4.49479866E-02  1.13934126E+02 
BaF3  1.32064267E+00  1.33572683E-01  8.85521821E-01  8.87798715E-03  4.20290346E-02  1.11729167E+02
BaF4  1.37492590E+00  1.46354500E-01  9.12643359E-01  9.29554343E-03  4.40426654E-02  1.16607899E+02
BaF8  1.44967157E+00  1.31600677E-01  9.39224513E-01  9.19052911E-03  4.25730108E-02  1.12153963E+02
BaF9  1.51018771E+00  1.33636807E-01  9.53993948E-01  9.18095301E-03  4.16449600E-02  1.08048765E+02
BaF50  1.63007175E+00  1.35169289E-01  1.15329734E+00  1.00982735E-02  4.54580137E-02  1.21435251E+02
BaF51  1.53230421E+00  1.36199171E-01  1.12286850E+00  9.68269679E-03  4.48275598E-02  1.23775879E+02
BaF52  1.41632142E+00  1.17331190E-01  9.34114782E-01  9.28783144E-03  4.49910150E-02  1.14125561E+02
BaFN6  1.36719201E+00  1.09079940E-01  1.02108011E+00  8.82820704E-03  4.38731646E-02  1.13586020E+02
BaFN10  1.60477289E+00  1.23762468E-01  1.07270520E+00  9.47021617E-03  4.51639792E-02  1.08539427E+02
BaFN11  1.60255217E+00  1.16918887E-01  1.02861126E+00  9.38812347E-03  4.40475344E-02  1.04533133E+02
BaK1  1.12365662E+00  3.09276848E-01  8.81511957E-01  6.44742752E-03  2.22284402E-02  1.07297751E+02
BaK2  1.01662154E+00  3.19903051E-01  9.37232995E-01  5.92383763E-03  2.03828415E-02  1.13118417E+02
BaK4  1.22965526E+00  1.91512978E-01  9.56889792E-01  7.23553230E-03  2.77771017E-02  1.09687261E+02
BaK5  1.02975108E+00  3.56258690E-01  9.56057190E-01  5.84732112E-03  2.04774200E-02  1.15240474E+02
BaK50  9.50105082E-01  4.69379007E-01  9.21415907E-01  5.20356978E-03  1.87888644E-02  9.84079669E+01
BaLF4  1.29375981E+00  1.58138572E-01  9.47442773E-01  7.80228251E-03  3.21349048E-02  1.09158657E+02
BaLF5  1.23751018E+00  1.16757584E-01  8.53086255E-01  8.08113000E-03  3.49868372E-02  1.10314185E+02
BaLF50  1.37380053E+00  1.04741149E-01  1.00909296E+00  8.71950907E-03  3.97152827E-02  1.14462081E+02
BaLKN3  1.11631680E+00  1.57260591E-01  9.14029710E-01  6.84109842E-03  2.57048762E-02  1.05919188E+02
BaSF1  1.40045640E+00  1.76868590E-01  9.24677441E-01  9.89899663E-03  4.74295359E-02  1.15946483E+02
BaSF2  1.47886368E+00  2.12804538E-01  9.96610609E-01  1.04304076E-02  4.94153751E-02  1.20570613E+02
BaSF6  1.54539456E+00  1.67516483E-01  1.06395978E+00  9.71809489E-03  4.66350263E-02  1.18420619E+02
BaSF10  1.47552633E+00  1.77120646E-01  9.42502177E-01  1.01493287E-02  4.77578380E-02  1.18726332E+02
BaSF12  1.54701890E+00  1.68942059E-01  9.74756333E-01  1.02837719E-02  4.96949620E-02  1.11173296E+02
BaSF13  1.61151995E+00  1.92652792E-01  1.09087467E+00  1.00754928E-02  5.00718641E-02  1.10402848E+02
BaSF51  1.67507496E+00  2.12822109E-01  9.66557263E-01  1.05667060E-02  4.76664644E-02  9.20388572E+01
BaSF52  1.63872281E+00  1.84589266E-01  1.00747347E+00  9.93238976E-03  4.62893289E-02  8.16163799E+01
BaSF54  1.64803910E+00  2.66170161E-01  1.15420131E+00  1.11759917E-02  5.33321565E-02  1.19495098E+02
BaSF56  1.46891540E+00  2.01528500E-01  9.60506292E-01  1.03259426E-02  4.89113995E-02  1.16457211E+02
BaSF57  1.47160842E+00  1.90746436E-01  1.04759046E+00  9.15435575E-03  4.44771291E-02  1.10563253E+02
BaSF64A  1.65554268E+00  1.71319770E-01  1.33664448E+00  1.04485644E-02  4.99394756E-02  1.18961472E+02
BK1  1.04250541E+00  2.08380313E-01  9.80148200E-01  6.16568985E-03  2.12152831E-02  1.09060911E+02
BK3  1.00582655E+00  2.12096420E-01  8.98290885E-01  6.17416136E-03  1.87792631E-02  8.88734950E+01
BK6  1.00281944E+00  3.09568455E-01  1.01840606E+00  5.74715892E-03  1.92045655E-02  1.08760808E+02
BK7  1.03961212E+00  2.31792344E-01  1.01046945E+00  6.00069867E-03  2.00179144E-02  1.03560653E+02 
BK8  1.05498572E+00  2.25825457E-01  1.00518841E+00  6.20952364E-03  2.01592914E-02  1.06219881E+02
BK10  8.88308131E-01  3.28964475E-01  9.84610769E-01  5.16900822E-03  1.61190045E-02  9.97575331E+01
F1  1.36192123E+00  2.09162831E-01  9.07276681E-01  1.02049225E-02  4.80290444E-02  1.09211919E+02
F2  1.34533359E+00  2.09073176E-01  9.37357162E-01  9.97743871E-03  4.70450767E-02  1.11886764E+02
F3  1.32797322E+00  2.05862833E-01  9.04336126E-01  9.77102802E-03  4.63606329E-02  1.07863739E+02
F4  1.33905825E+00  2.05224318E-01  8.97859758E-01  9.92220114E-03  4.70000918E-02  1.07936750E+02
F5  1.31044630E+00  1.96034260E-01  9.66129770E-01  9.58633048E-03  4.57627627E-02  1.15011883E+02
F6  1.38640043E+00  2.16317468E-01  9.20242786E-01  1.03119848E-02  4.82391922E-02  1.11029425E+02
F7  1.35918954E+00  2.09887471E-01  8.81405771E-01  1.01796354E-02  4.83605548E-02  1.10387289E+02
F8  1.31172466E+00  1.72480274E-01  8.40159209E-01  9.65177918E-03  4.61712161E-02  1.00046795E+02
F9  1.37298383E+00  1.86344373E-01  9.96847110E-01  9.70906764E-03  4.77952149E-02  1.09902441E+02
F13  1.35316545E+00  2.07756817E-01  9.02160492E-01  1.00820559E-02  4.77132466E-02  1.09426810E+02
F14  1.31949846E+00  1.81106999E-01  9.21850182E-01  9.80475193E-03  4.65330997E-02  1.09855329E+02
F15  1.31031527E+00  2.02636884E-01  9.20049222E-01  9.54034890E-03  4.55807051E-02  1.09864711E+02
FK3  9.73346627E-01  1.46642231E-01  6.79304225E-01  6.40795469E-03  2.05652930E-02  8.04965389E+01 
FK5  8.44309338E-01  3.44147824E-01  9.10790213E-01  4.75111955E-03  1.49814849E-02  9.78600293E+01 
FK51  9.71247817E-01  2.16901417E-01  9.04651666E-01  4.72301995E-03  1.53575612E-02  1.68681330E+02 
FK52  1.01571114E+00  1.69998431E-01  8.05158532E-01  5.15884949E-03  1.73380788E-02  1.58603308E+02
FK54  7.45320416E-01  3.02330101E-01  1.01885000E+00  3.58171563E-03  1.22884773E-02  2.13017450E+02
FN11  1.41572926E+00  1.43334227E-01  1.27299252E+00  1.03749731E-02  5.68803594E-02  1.19664491E+02
K3  1.08999358E+00  1.81850015E-01  9.36478693E-01  6.70233559E-03  2.54232565E-02  1.13486321E+02
K4  1.18909486E+00  8.41359214E-02  9.30219822E-01  7.89396642E-03  3.39218995E-02  1.07049495E+02
K5  1.08511833E+00  1.99562005E-01  9.30511663E-01  6.61099503E-03  2.41108660E-02  1.11982777E+02
K7  1.12735550E+00  1.24412303E-01  8.27100531E-01  7.20341707E-03  2.69835916E-02  1.00384588E+02
K10  1.15687082E+00  6.42625444E-02  8.72376139E-01  8.09424251E-03  3.86051284E-02  1.04747730E+02
K11  1.16249642E+00  5.82613527E-02  9.05203986E-01  7.53270034E-03  3.59084464E-02  1.02404612E+02
K50  1.01887866E+00  2.66822603E-01  9.06671962E-01  5.94871325E-03  2.15166777E-02  1.02140337E+02
KF3  1.15615178E+00  1.02116759E-01  9.27164575E-01  7.89264815E-03  3.45076496E-02  1.13531069E+02
KF6  1.17006893E+00  9.50509747E-02  9.07409125E-01  8.14992422E-03  3.88216817E-02  1.08882299E+02
KF9  1.16421867E+00  1.18007401E-01  9.23054885E-01  7.87954228E-03  3.72520495E-02  1.09924834E+02
KzFN1  1.19949942E+00  1.63891773E-01  8.90412049E-01  7.67704289E-03  3.52898056E-02  9.43366502E+01
KzFN2  1.12337304E+00  1.77617693E-01  8.49213044E-01  7.12846561E-03  3.17291201E-02  8.49656713E+01 
KzFS1  1.36618048E+00  1.82049028E-01  8.64314609E-01  8.73165063E-03  3.89834096E-02  6.29392443E+01
KzFS6  1.35163564E+00  1.35759794E-01  8.44490002E-01  8.49653173E-03  3.88357230E-02  6.72773371E+01
KzFS7A   1.53916293E+00  2.09618759E-01  9.36171329E-01  1.02662460E-02  4.71104946E-02  7.16979327E+01
KzFS8  1.60299210E+00  2.67572377E-01  9.76091468E-01  1.06584622E-02  4.76203179E-02  7.64325728E+01
KzFSN2  1.26169705E+00  1.28881191E-01  8.98521214E-01  7.67420045E-03  3.30129627E-02  7.08271139E+01
KzFSN4  1.37994218E+00  1.68496708E-01  8.74885726E-01  8.91159699E-03  4.05334070E-02  6.96628237E+01
KzFSN5  1.47727858E+00  1.91686941E-01  8.97333608E-01  9.75488335E-03  4.50495404E-02  6.78786495E+01
KzFSN9  1.35457004E+00  1.51346035E-01  8.80334400E-01  8.58526768E-03  3.90569325E-02  6.96889290E+01
LaF2  1.75302282E+00  2.13978997E-01  1.09939444E+00  9.57243296E-03  4.02787459E-02  1.02533259E+02
LaF3  1.73155854E+00  1.50874455E-01  1.06586596E+00  9.53833914E-03  4.07887211E-02  9.80758545E+01
LaF9  1.75303976E+00  3.42145763E-01  1.04243134E+00  1.25249595E-02  5.47228047E-02  1.04326262E+02
LaF11A  1.66890817E+00  3.11963471E-01  9.76838785E-01  1.13869898E-02  5.00311048E-02  8.73247266E+01
LaF13  1.81139531E+00  2.48608825E-01  1.10753882E+00  1.06588376E-02  4.67089164E-02  9.16857805E+01
LaF20  1.65107169E+00  1.18474934E-01  1.11548729E+00  9.70502320E-03  4.28927477E-02  1.14057600E+02
LaF22A  1.85985046E+00  2.19921174E-01  1.34141119E+00  1.09833145E-02  5.08016771E-02  1.14555542E+02
LaFN7  1.66842615E+00  2.98512803E-01  1.07743760E+00  1.03159999E-02  4.69216348E-02  8.25078509E+01
LaFN8  1.75346053E+00  1.79853972E-01  1.03072863E+00  1.02514872E-02  4.66225111E-02  8.61010298E+01
LaFN10  1.87199658E+00  2.32399212E-01  1.29453872E+00  9.67115690E-03  4.06265981E-02  8.71629425E+01
LaFN21  1.88298347E+00  2.40214668E-01  1.23537623E+00  9.36029744E-03  3.54026371E-02  8.43919934E+01
LaFN23  1.65263149E+00  1.39745768E-01  9.38734334E-01  9.31143124E-03  3.91167497E-02  9.82388615E+01
LaFN24  1.70960358E+00  3.08712672E-01  1.24764001E+00  8.36251592E-03  3.24824713E-02  8.48077463E+01
LaFN28  1.75882549E+00  3.15197670E-01  1.19029675E+00  8.72810026E-03  2.93020832E-02  8.51780644E+01
LaK8  1.33183167E+00  5.46623206E-01  1.19084015E+00  6.20023871E-03  2.16465439E-02  8.25827736E+01
LaK9  1.46231905E+00  3.44399589E-01  1.15508372E+00  7.24270156E-03  2.43353131E-02  8.54686868E+01 
LaK10  1.67482975E+00  2.22668828E-01  1.13956536E+00  8.49324758E-03  3.30463141E-02  8.04372553E+01
LaK11  1.05088219E+00  6.51491084E-01  1.03286344E+00  4.82822430E-03  1.83961539E-02  8.98416133E+01
LaK16A  1.57607885E+00  3.67649802E-01  1.16490334E+00  7.78079836E-03  2.59315960E-02  8.23723198E+01
LaK21  1.22718116E+00  4.20783743E-01  1.01284843E+00  6.02075682E-03  1.96862889E-02  8.84370099E+01
LaK23  1.12743279E+00  6.08744560E-01  9.98634884E-01  5.25834509E-03  1.89138834E-02  8.75468054E+01
LaK28  1.50441986E+00  4.74120561E-01  1.17784354E+00  7.19665592E-03  2.49143227E-02  8.31443210E+01
LaK31  1.41824715E+00  4.09404103E-01  1.15432487E+00  6.79114675E-03  2.19284910E-02  8.03980528E+01
LaK33  1.45796869E+00  5.55403936E-01  1.19938794E+00  6.80545280E-03  2.25253283E-02  8.27543327E+01
LaKL12  1.28115389E+00  4.82607607E-01  1.16553538E+00  6.36439821E-03  2.13764262E-02  9.32771532E+01
LaKL21  1.29854376E+00  3.50521897E-01  1.17089829E+00  6.28043610E-03  2.10842688E-02  8.54204779E+01
LaKN6  1.15477318E+00  4.97049217E-01  1.00553588E+00  5.83257597E-03  1.94613961E-02  9.78667698E+01
LaKN7  1.23679889E+00  4.45051837E-01  1.01745888E+00  6.10105538E-03  2.01388334E-02  9.06380380E+01
LaKN12  1.17365704E+00  5.88992398E-01  9.78014394E-01  5.77031797E-03  2.00401678E-02  9.54873482E+01
LaKN13  1.25792373E+00  5.53402861E-01  1.06335742E+00  6.21494710E-03  2.16809853E-02  1.04494099E+02
LaKN14  1.50781212E+00  3.18866829E-01  1.14287213E+00  7.46098727E-03  2.42024834E-02  8.09565165E+01
LaKN22  1.14229781E+00  5.35138441E-01  1.04088385E+00  5.85778594E-03  1.98546147E-02  1.00834017E+02
LaSF3  1.95904308E+00  2.19800634E-01  1.33464105E+00  1.04346704E-02  4.65504111E-02  8.79058457E+01
LaSF18A  2.19336604E+00  3.32590474E-01  1.69849859E+00  1.21930864E-02  5.32519989E-02  1.06853100E+02
LaSF32  1.84090995E+00  2.93072829E-01  2.01291806E+00  1.20090975E-02  5.60733922E-02  1.52278654E+02
LaSF33  1.90477227E+00  2.48374150E-01  1.18108995E+00  1.17756540E-02  5.28082514E-02  1.08154737E+02
LaSF35  2.45505861E+00  4.53006077E-01  2.38513080E+00  1.35670404E-02  5.45803020E-02  1.67904715E+02
LaSF36A  1.86870418E+00  2.57335292E-01  1.74621521E+00  1.12660196E-02  5.09972123E-02  1.49125471E+02
LaSFN9  1.97888194E+00  3.20435298E-01  1.92900751E+00  1.18537266E-02  5.27381770E-02  1.66256540E+02
LaSFN15  2.08894974E+00  3.27776152E-01  1.52128728E+00  1.09012831E-02  4.35007930E-02  1.01183881E+02
LaSFN30  1.78301085E+00  3.88968359E-01  1.30150440E+00  8.72506277E-03  3.08085023E-02  9.27743824E+01
LaSFN31  1.71317198E+00  7.18575109E-01  1.72332470E+00  8.19172228E-03  2.97801704E-02  1.38461313E+02
LF5  1.28035628E+00  1.63505973E-01  8.93930112E-01  9.29854416E-03  4.49135769E-02  1.10493685E+02
LF7  1.26879731E+00  1.56697051E-01  8.87676301E-01  9.19553925E-03  4.47256764E-02  1.06820361E+02
LF8  1.26627830E+00  1.30098033E-01  8.67351579E-01  9.15809921E-03  4.47614219E-02  1.07013243E+02
LLF1  1.21640125E+00  1.33664540E-01  8.83399468E-01  8.57807248E-03  4.20143003E-02  1.07593060E+02
LLF2  1.21698785E+00  1.12444132E-01  8.39332216E-01  8.67187700E-03  4.26921868E-02  1.02332654E+02
LLF6  1.20066684E+00  1.03689050E-01  9.54739381E-01  8.51610832E-03  4.18805113E-02  1.14989738E+02
LLF7  1.22924701E+00  1.22565819E-01  8.88850802E-01  8.86069707E-03  4.33083564E-02  1.06216061E+02
PK1  9.33773217E-01  3.00776039E-01  9.37601195E-01  5.43685564E-03  1.66532403E-02  9.61682628E+01 
PK2  1.20921993E+00  6.68873331E-02  1.01818125E+00  7.33975047E-03  2.86495917E-02  1.01852918E+02
PK3  1.14966186E+00  1.47545553E-01  1.03051868E+00  6.70136254E-03  2.27276225E-02  1.03151953E+02
PK50  1.20726293E+00  7.74484721E-02  7.70552379E-01  6.83502578E-03  2.52755259E-02  8.41707063E+01
PK51A  1.15610775E+00  1.53229344E-01  7.85618966E-01  5.85597402E-03  1.94072416E-02  1.40537046E+02
PSK2  1.17976082E+00  2.46686581E-01  9.89456945E-01  6.47987952E-03  2.04066657E-02  9.52624655E+01
PSK3  8.87272110E-01  4.89592425E-01  1.04865296E+00  4.69824067E-03  1.61818463E-02  1.04374975E+02
PSK50  1.32203488E+00  7.23081273E-02  8.66999557E-01  7.27864547E-03  2.79921673E-02  9.10643023E+01
PSK52  1.23651155E+00  2.96554553E-01  9.38996044E-01  6.27578565E-03  1.90340962E-02  9.76590882E+01
PSK53A  1.34340870E+00  2.41417935E-01  9.52896897E-01  6.75074317E-03  2.19910513E-02  1.03551457E+02
PSK54  1.31533278E+00  1.63047369E-01  6.91494770E-01  7.19144117E-03  2.29836538E-02  9.11847820E+01
SF1  1.55912923E+00  2.84246288E-01  9.68842926E-01  1.21481001E-02  5.34549042E-02  1.12174809E+02
SF2  1.40301821E+00  2.31767504E-01  9.39056586E-01  1.05795466E-02  4.93226978E-02  1.12405955E+02
SF3  1.57230542E+00  3.39661149E-01  1.03593712E+00  1.20382183E-02  5.31603583E-02  1.20005381E+02
SF4  1.61957826E+00  3.39493189E-01  1.02566931E+00  1.25502104E-02  5.44559822E-02  1.17652222E+02
SF5  1.46141885E+00  2.47713019E-01  9.49995832E-01  1.11826126E-02  5.08594669E-02  1.12041888E+02
SF6  1.72448482E+00  3.90104889E-01  1.04572858E+00  1.34871947E-02  5.69318095E-02  1.18557185E+02
SF8  1.49514446E+00  2.62529687E-01  9.69567597E-01  1.14990201E-02  5.17170156E-02  1.13458641E+02
SF9  1.41373875E+00  2.41835903E-01  1.01292278E+00  1.05642379E-02  4.90126431E-02  1.17884362E+02
SF10  1.61625977E+00  2.59229334E-01  1.07762317E+00  1.27534559E-02  5.81983954E-02  1.16607680E+02
SF11  1.73848403E+00  3.11168974E-01  1.17490871E+00  1.36068604E-02  6.15960463E-02  1.21922711E+02
SF12  1.39867348E+00  2.38403762E-01  1.03604466E+00  1.03415646E-02  4.92696913E-02  1.18327782E+02
SF13  1.65582508E+00  2.57423297E-01  1.09216931E+00  1.31676446E-02  6.04328022E-02  1.16322468E+02
SF14  1.69182538E+00  2.85919934E-01  1.12595145E+00  1.33151542E-02  6.12647445E-02  1.18405242E+02 
SF15  1.53925927E+00  2.47620926E-01  1.03816409E+00  1.19307961E-02  5.56077536E-02  1.16416747E+02
SF16  1.40807178E+00  2.22238425E-01  9.27122336E-01  1.06739770E-02  4.96646920E-02  1.10900330E+02
SF18  1.56441436E+00  2.91413580E-01  9.60307888E-01  1.21863935E-02  5.35567966E-02  1.11451201E+02 
SF19  1.45495978E+00  2.37838143E-01  9.58586139E-01  1.09532717E-02  5.05230583E-02  1.09770239E+02 
SF53  1.56973534E+00  3.06366017E-01  1.03021429E+00  1.20851905E-02  5.41694051E-02  1.17353733E+02
SF54  1.60371792E+00  3.10740554E-01  1.03053604E+00  1.24263783E-02  5.51896382E-02  1.15762058E+02
SF55  1.64681240E+00  3.31540164E-01  1.02465769E+00  1.28731296E-02  5.64818124E-02  1.16270992E+02 
SF56A  1.70579259E+00  3.44223052E-01  1.09601828E+00  1.33874699E-02  5.79561608E-02  1.21616024E+02
SF57  1.81651371E+00  4.28893641E-01  1.07186278E+00  1.43704198E-02  5.92801172E-02  1.21419942E+02
SF58  1.92184332E+00  5.52191937E-01  1.11643502E+00  1.49262604E-02  6.14139252E-02  1.23450367E+02
SF59  2.05775824E+00  5.28644661E-01  1.00043574E+00  1.67799599E-02  6.55335804E-02  1.10002549E+02
SF63  1.62174406E+00  3.15965826E-01  1.03248928E+00  1.26014263E-02  5.57275798E-02  1.16478183E+02
SF64A  1.60088314E+00  2.10665258E-01  1.50114373E+00  1.20157497E-02  6.01645745E-02  1.36256449E+02
SFL4A  1.68001158E+00  2.80949069E-01  1.79420841E+00  1.27076157E-02  6.02889840E-02  1.59920210E+02
SFL6  1.78922056E+00  3.28427448E-01  2.01639441E+00  1.35163537E-02  6.22729599E-02  1.68014713E+02 
SFL56  1.75126105E+00  3.01566630E-01  1.89211398E+00  1.33187209E-02  6.21436403E-02  1.57884093E+02
SFL57  1.88742326E+00  3.60534025E-01  2.26189313E+00  1.45939341E-02  6.48198946E-02  1.76062211E+02
Silica  6.961663e-1  4.079426e-1  8.974794e-1  4.679148e-3  1.351206e-2  9.7934e1
SK1  1.23997939E+00  3.08829519E-01  1.03366266E+00  6.76460788E-03  2.33830716E-02  1.14585882E+02
SK2  1.28189012E+00  2.57738258E-01  9.68186040E-01  7.27191640E-03  2.42823527E-02  1.10377773E+02
SK3  1.30663485E+00  2.39791700E-01  9.84058076E-01  7.08163720E-03  2.38828823E-02  1.01983392E+02
SK4  1.39388834E+00  1.64510721E-01  9.63522479E-01  7.69147355E-03  2.71946227E-02  9.92757639E+01
SK5  9.91463823E-01  4.95982121E-01  9.87393925E-01  5.22730467E-03  1.72733646E-02  9.83594579E+01
SK6  1.21206115E+00  3.47221122E-01  9.72025014E-01  6.65602562E-03  2.24384733E-02  1.10082121E+02
SK7  1.03745170E+00  5.04632691E-01  9.89114234E-01  5.37369046E-03  1.82926096E-02  1.02525987E+02
SK8  1.29821149E+00  2.52817469E-01  9.77516703E-01  7.22506070E-03  2.55622691E-02  1.08370884E+02
SK10  1.31658740E+00  2.71655949E-01  9.68687543E-01  7.12229232E-03  2.44417004E-02  1.05081566E+02
SK11  1.17963631E+00  2.29817295E-01  9.35789652E-01  6.80282081E-03  2.19737205E-02  1.01513232E+02
SK12  1.16982669E+00  2.97450370E-01  9.65847815E-01  6.52887127E-03  2.14033820E-02  1.05089898E+02
SK13  9.22627573E-01  5.70303629E-01  9.79881211E-01  4.61930582E-03  1.80622701E-02  1.10419538E+02
SK14  9.36155374E-01  5.94052018E-01  1.04374583E+00  4.61716525E-03  1.68859270E-02  1.03736265E+02
SK15  1.29172765E+00  2.98392713E-01  9.55518497E-01  6.86358120E-03  2.28704312E-02  9.74779177E+01
SK16  1.34317774E+00  2.41144399E-01  9.94317969E-01  7.04687339E-03  2.29005000E-02  9.27508526E+01
SK18A  1.53857004E+00  9.85934131E-02  1.02309528E+00  8.63201486E-03  3.67156464E-02  1.00118441E+02
SK51  1.44112715E+00  1.43968387E-01  8.81989862E-01  7.58546975E-03  2.87396017E-02  9.46838154E+01
SK55  1.15265225E+00  4.32145290E-01  1.03215169E+00  5.82679114E-03  1.90244615E-02  8.81750460E+01 
SSK1  1.42691045E+00  1.41195647E-01  9.86004821E-01  8.31214602E-03  3.34369911E-02  1.09701359E+02
SSK2  1.41096166E+00  1.72425615E-01  9.87461513E-01  8.05433250E-03  3.24360835E-02  1.09899586E+02
SSK3  1.39915758E+00  1.58923825E-01  9.91912922E-01  8.28660770E-03  3.54515342E-02  1.15227785E+02
SSK4A  1.38336169E+00  1.87125107E-01  9.44170902E-01  7.87154985E-03  2.89352221E-02  1.05742424E+02
SSK50  1.45562999E+00  1.13575966E-01  9.69520910E-01  8.70103680E-03  3.78429476E-02  1.10109218E+02
SSK51  1.44260939E+00  8.28623622E-02  8.92805443E-01  8.90475064E-03  4.00883477E-02  1.03152733E+02
SSKN5  1.59222659E+00  1.03520774E-01  1.05174016E+00  9.20284626E-03  4.23530072E-02  1.06927374E+02
SSKN8  1.46998373E+00  9.63559477E-02  1.02610927E+00  9.03675097E-03  4.50075674E-02  1.08328743E+02
TiF3  1.22927703E+00  1.16802717E-01  1.05306668E+00  8.52950666E-03  5.28174592E-02  1.17616359E+02
TiF6  1.40069329E+00  1.34903418E-01  9.24097449E-01  1.09426015E-02  7.08666547E-02  9.94792445E+01
TiFN5  1.32754366E+00  1.46368803E-01  1.17272891E+00  1.00180695E-02  5.72806316E-02  1.23529685E+02
UBK7  1.01237433E+00  2.58985218E-01  1.00021628E+00  5.88328615E-03  1.90239921E-02  1.04079777E+02 
UK50  1.06591882E+00  2.19843040E-01  9.00983465E-01  6.40857884E-03  2.25474355E-02  1.01920998E+02
ZK1  1.09192062E+00  2.23459888E-01  8.69353360E-01  6.55500130E-03  2.43712763E-02  1.02337650E+02
ZKN7  1.07715032E+00  1.68079109E-01  8.51889892E-01  6.76601657E-03  2.30642817E-02  8.90498778E+01 
