segment23-Jan-2013 
hexagon point-to-point diameter (m)   0.5810000
parabola radius of curvature (m)   7.4000000
segment offsets (m)   1.0710000   2.1420000   1.8550264 
A segments. Offset =   1.0710000 (m) 
phi x y z 
120.0 -0.35100650076614 0.53809420410381 -0.02788857676150 
120.0 -0.63701320745313 1.03866075959876 -0.10031094594595 
120.0 -1.21351991414013 1.03606655549495 -0.17203138442093 
120.0 -1.50401991414013 0.53290579589619 -0.17203138442093 
120.0 -1.21801320745313 0.03233924040124 -0.10031094594595 
120.0 -0.64150650076614 0.03493344450505 -0.02788857676150 
120.0 -0.92751320745313 0.53550000000000 -0.07750277027027 center 
 60.0 -0.64150650076614 -0.03493344450505 -0.02788857676150 
 60.0 -1.21801320745313 -0.03233924040124 -0.10031094594595 
 60.0 -1.50401991414013 -0.53290579589619 -0.17203138442093 
 60.0 -1.21351991414013 -1.03606655549495 -0.17203138442093 
 60.0 -0.63701320745313 -1.03866075959876 -0.10031094594595 
 60.0 -0.35100650076614 -0.53809420410381 -0.02788857676150 
 60.0 -0.92751320745313 -0.53550000000000 -0.07750277027027 center 
  0.0 -0.29050000000000 -0.57302764860887 -0.02788857676150 
  0.0 -0.58100000000000 -1.07100000000000 -0.10031094594595 
  0.0 -0.29050000000000 -1.56897235139113 -0.17203138442093 
  0.0 0.29050000000000 -1.56897235139113 -0.17203138442093 
  0.0 0.58100000000000 -1.07100000000000 -0.10031094594595 
  0.0 0.29050000000000 -0.57302764860887 -0.02788857676150 
  0.0 0.00000000000000 -1.07100000000000 -0.07750277027027 center 
300.0 0.35100650076614 -0.53809420410381 -0.02788857676150 
300.0 0.63701320745313 -1.03866075959876 -0.10031094594595 
300.0 1.21351991414013 -1.03606655549495 -0.17203138442093 
300.0 1.50401991414013 -0.53290579589619 -0.17203138442093 
300.0 1.21801320745313 -0.03233924040124 -0.10031094594595 
300.0 0.64150650076614 -0.03493344450505 -0.02788857676150 
300.0 0.92751320745313 -0.53550000000000 -0.07750277027027 center 
240.0 0.64150650076614 0.03493344450505 -0.02788857676150 
240.0 1.21801320745313 0.03233924040124 -0.10031094594595 
240.0 1.50401991414013 0.53290579589619 -0.17203138442093 
240.0 1.21351991414013 1.03606655549495 -0.17203138442093 
240.0 0.63701320745313 1.03866075959876 -0.10031094594595 
240.0 0.35100650076614 0.53809420410381 -0.02788857676150 
240.0 0.92751320745313 0.53550000000000 -0.07750277027027 center 
180.0 0.29050000000000 0.57302764860887 -0.02788857676150 
180.0 0.58100000000000 1.07100000000000 -0.10031094594595 
180.0 0.29050000000000 1.56897235139113 -0.17203138442093 
180.0 -0.29050000000000 1.56897235139113 -0.17203138442093 
180.0 -0.58100000000000 1.07100000000000 -0.10031094594595 
180.0 -0.29050000000000 0.57302764860887 -0.02788857676150 
180.0 -0.00000000000000 1.07100000000000 -0.07750277027027 center 
B segments. Offset =   2.1420000 (m) 
phi x y z 
120.0 -1.29120894644921 1.08092033921167 -0.19159522453459 
120.0 -1.56452641490627 1.57416075959876 -0.33281925675676 
120.0 -2.12834388336333 1.56424042038708 -0.47139836342046 
120.0 -2.41884388336333 1.06107966078832 -0.47139836342046 
120.0 -2.14552641490627 0.56783924040124 -0.33281925675676 
120.0 -1.58170894644921 0.57775957961292 -0.19159522453459 
120.0 -1.85502641490627 1.07100000000000 -0.31001108108108 center 
 60.0 -1.58170894644921 -0.57775957961292 -0.19159522453459 
 60.0 -2.14552641490627 -0.56783924040124 -0.33281925675676 
 60.0 -2.41884388336333 -1.06107966078833 -0.47139836342046 
 60.0 -2.12834388336333 -1.56424042038708 -0.47139836342046 
 60.0 -1.56452641490627 -1.57416075959876 -0.33281925675676 
 60.0 -1.29120894644921 -1.08092033921168 -0.19159522453459 
 60.0 -1.85502641490627 -1.07100000000000 -0.31001108108108 center 
  0.0 -0.29050000000000 -1.65867991882459 -0.19159522453459 
  0.0 -0.58100000000000 -2.14200000000000 -0.33281925675676 
  0.0 -0.29050000000000 -2.62532008117541 -0.47139836342046 
  0.0 0.29050000000000 -2.62532008117541 -0.47139836342046 
  0.0 0.58100000000000 -2.14200000000000 -0.33281925675676 
  0.0 0.29050000000000 -1.65867991882459 -0.19159522453459 
  0.0 0.00000000000000 -2.14200000000000 -0.31001108108108 center 
300.0 1.29120894644921 -1.08092033921168 -0.19159522453459 
300.0 1.56452641490627 -1.57416075959876 -0.33281925675676 
300.0 2.12834388336333 -1.56424042038708 -0.47139836342046 
300.0 2.41884388336333 -1.06107966078833 -0.47139836342046 
300.0 2.14552641490627 -0.56783924040124 -0.33281925675676 
300.0 1.58170894644921 -0.57775957961292 -0.19159522453459 
300.0 1.85502641490627 -1.07100000000000 -0.31001108108108 center 
240.0 1.58170894644921 0.57775957961292 -0.19159522453459 
240.0 2.14552641490627 0.56783924040124 -0.33281925675676 
240.0 2.41884388336333 1.06107966078833 -0.47139836342046 
240.0 2.12834388336333 1.56424042038708 -0.47139836342046 
240.0 1.56452641490627 1.57416075959876 -0.33281925675676 
240.0 1.29120894644921 1.08092033921168 -0.19159522453459 
240.0 1.85502641490627 1.07100000000000 -0.31001108108108 center 
180.0 0.29050000000000 1.65867991882459 -0.19159522453459 
180.0 0.58100000000000 2.14200000000000 -0.33281925675676 
180.0 0.29050000000000 2.62532008117541 -0.47139836342046 
180.0 -0.29050000000000 2.62532008117541 -0.47139836342046 
180.0 -0.58100000000000 2.14200000000000 -0.33281925675676 
180.0 -0.29050000000000 1.65867991882459 -0.19159522453459 
180.0 -0.00000000000000 2.14200000000000 -0.31001108108108 center 
C segments. Offset =   1.8550264 (m) 
phi x y z 
 90.0 -1.29146380740109 -0.00000000000000 -0.11269451120452 
 90.0 -1.57324511115368 0.50316075959876 -0.18434263038979 
 90.0 -2.13680771865885 0.50316075959876 -0.32561607949460 
 90.0 -2.41858902241144 -0.00000000000000 -0.39524140941413 
 90.0 -2.13680771865885 -0.50316075959876 -0.32561607949460 
 90.0 -1.57324511115368 -0.50316075959876 -0.18434263038979 
 90.0 -1.85502641490627 -0.00000000000000 -0.23250831081081 center 
 30.0 -0.64573190370055 -1.11844046527752 -0.11269451120452 
 30.0 -1.22237255557684 -1.11088985283938 -0.18434263038979 
 30.0 -1.50415385932943 -1.59894938756186 -0.32561607949460 
 30.0 -1.20929451120572 -2.09455953472248 -0.39524140941413 
 30.0 -0.63265385932943 -2.10211014716062 -0.32561607949460 
 30.0 -0.35087255557684 -1.61405061243814 -0.18434263038979 
 30.0 -0.92751320745313 -1.60650000000000 -0.23250831081081 center 
330.0 0.64573190370055 -1.11844046527752 -0.11269451120452 
330.0 0.35087255557684 -1.61405061243814 -0.18434263038979 
330.0 0.63265385932943 -2.10211014716062 -0.32561607949460 
330.0 1.20929451120572 -2.09455953472248 -0.39524140941413 
330.0 1.50415385932943 -1.59894938756186 -0.32561607949460 
330.0 1.22237255557684 -1.11088985283938 -0.18434263038979 
330.0 0.92751320745313 -1.60650000000000 -0.23250831081081 center 
270.0 1.29146380740109 0.00000000000000 -0.11269451120452 
270.0 1.57324511115368 -0.50316075959876 -0.18434263038979 
270.0 2.13680771865885 -0.50316075959876 -0.32561607949460 
270.0 2.41858902241144 0.00000000000000 -0.39524140941413 
270.0 2.13680771865885 0.50316075959876 -0.32561607949460 
270.0 1.57324511115368 0.50316075959876 -0.18434263038979 
270.0 1.85502641490627 0.00000000000000 -0.23250831081081 center 
210.0 0.64573190370055 1.11844046527752 -0.11269451120452 
210.0 1.22237255557684 1.11088985283938 -0.18434263038979 
210.0 1.50415385932943 1.59894938756186 -0.32561607949460 
210.0 1.20929451120572 2.09455953472248 -0.39524140941413 
210.0 0.63265385932943 2.10211014716062 -0.32561607949460 
210.0 0.35087255557684 1.61405061243814 -0.18434263038979 
210.0 0.92751320745313 1.60650000000000 -0.23250831081081 center 
150.0 -0.64573190370055 1.11844046527752 -0.11269451120452 
150.0 -0.35087255557684 1.61405061243814 -0.18434263038979 
150.0 -0.63265385932943 2.10211014716062 -0.32561607949460 
150.0 -1.20929451120572 2.09455953472248 -0.39524140941413 
150.0 -1.50415385932943 1.59894938756186 -0.32561607949460 
150.0 -1.22237255557684 1.11088985283938 -0.18434263038979 
150.0 -0.92751320745313 1.60650000000000 -0.23250831081081 center 
